% Provided data
data = [
    100, 7.323, 7.384960103786868;
    150, 8.244, 8.198057979789274;
    200, 8.699, 8.774960103786867;
    250, 9.292, 9.2224401556803;
    300, 9.757, 9.588057979789273;
    350, 9.843, 9.897183445446936;
    400, 10.087, 10.164960103786868;
    450, 10.437, 10.401155855791682;
    500, 10.472, 10.6124401556803;
    550, 10.741, 10.80357005369271;
    600, 11.011, 10.978057979789275;
    650, 11.239, 11.138571312002986;
    700, 11.391, 11.287183445446937;
    750, 11.354, 11.42553803168271;
    800, 11.629, 11.554960103786867;
    850, 11.729, 11.676533453124842;
    900, 11.897, 11.791155855791681;
    950, 11.871, 11.899579347473452;
    1000, 12.332, 12.0024401556803;
    1050, 12.287, 12.100281321449344;
    1100, 12.301, 12.19357005369271;
    1150, 12.479, 12.282711222706114;
    1200, 12.58, 12.368057979789272;
    1250, 12.764, 12.449920207573735;
    1300, 12.579, 12.528571312002985;
    1350, 12.763, 12.604253731794088;
    1400, 12.777, 12.677183445446936;
    1450, 12.905, 12.747553687014193;
    1500, 12.954, 12.815538031682708;
    1550, 13.039, 12.881292975224625;
    1600, 13.051, 12.944960103786867;
    1650, 13.07, 13.006667929695118;
    1700, 13.167, 13.066533453124837;
    1750, 13.138, 13.12466349734037;
    1800, 13.212, 13.181155855791683;
    1850, 13.224, 13.236100282011108;
    1900, 13.32, 13.289579347473452;
    1950, 13.573, 13.341669188005394;
    2000, 13.591, 13.3924401556803;
    2050, 13.968, 13.441957390206001;
    2100, 13.792, 13.490281321449343;
    2150, 13.868, 13.537468112822785;
    2200, 13.697, 13.583570053692709;
    2250, 13.766, 13.628635907685114;
    2300, 13.858, 13.672711222706116;
    2350, 13.835, 13.715838607618785;
    2400, 14.091, 13.758057979789275;
    2450, 13.92, 13.799406787107005;
    2500, 14.051, 13.839920207573734;
    2550, 14.069, 13.879631329127246;
    2600, 14.438, 13.918571312002985;
    2650, 14.243, 13.956769535629713;
    2700, 14.317, 13.994253731794087;
    2750, 14.14, 14.031050105586143;
    2800, 14.169, 14.067183445446936;
    2850, 14.49, 14.102677223475856;
    2900, 14.303, 14.137553687014192;
    2950, 14.501, 14.171833942399823;
    3000, 14.245, 14.205538031682705;
    3050, 14.385, 14.238685002999278;
    3100, 14.534, 14.271292975224624;
    3150, 14.817, 14.303379197451749;
    3200, 14.703, 14.334960103786868;
    3250, 14.558, 14.366051363896416;
    3300, 14.759, 14.396667929695118;
    3350, 14.715, 14.42682407852317;
    3400, 14.9, 14.45653345312484;
    3450, 14.781, 14.485809098708524;
    3500, 14.924, 14.51466349734037;
    3550, 15.024, 14.543108599898373;
    3600, 15.01, 14.571155855791682;
    3650, 14.97, 14.598816240630091;
    3700, 15.061, 14.626100282011107;
    3750, 15.099, 14.653018083576141;
    3800, 15.253, 14.679579347473451;
    3850, 15.179, 14.70579339535278;
    3900, 15.163, 14.731669188005393;
    3950, 15.172, 14.75721534375304;
    4000, 15.324, 14.7824401556803;
    4050, 15.394, 14.807351607796496;
    4100, 15.318, 14.831957390206;
    4150, 15.314, 14.856264794137294;
    4200, 15.55, 14.880280688417442;
    4250, 15.419, 14.904011458454453;
    4300, 15.381, 14.927463165224846;
    4350, 15.548, 14.95064150176057;
    4400, 15.557, 14.973551863347297;
    4450, 15.625, 14.996199551869422;
    4500, 15.571, 15.018589785632014;
    4550, 15.587, 15.040727674994158;
    4600, 15.536, 15.062618273398314;
    4650, 15.581, 15.084266629189976;
    4700, 15.556, 15.10567760441702;
    4750, 15.689, 15.126855101732635;
    4800, 15.648, 15.14780298385754;
    4850, 15.735, 15.1685249405617;
    4900, 15.724, 15.189024513415335;
    4950, 15.744, 15.209305146761268;
    5000, 15.74, 15.229369162421896;
    5050, 15.79, 15.249219729553916;
    5100, 15.79, 15.26885991314045;
    5150, 15.828, 15.288292565976125;
    5200, 15.865, 15.307520394648124;
    5250, 15.876, 15.32654694243553;
    5300, 15.917, 15.34537560707706;
    5350, 15.905, 15.364009617579236;
    5400, 15.927, 15.382452039116375;
    5450, 15.95, 15.400706783231092;
    5500, 15.963, 15.41877660781179;
    5550, 15.983, 15.436664103199093;
    5600, 16.004, 15.454371722569714;
    5650, 15.996, 15.47190175137582;
    5700, 16.029, 15.48925633368846;
    5750, 16.031, 15.506437468112823;
    5800, 16.06, 15.523447015741424;
    5850, 16.058, 15.54028656109816;
    5900, 16.071, 15.55695749479872;
    5950, 16.082, 15.57346104106465;
    6000, 16.098, 15.589798250410677;
    6050, 16.096, 15.605970041640148;
    6100, 16.092, 15.621977189234237;
    6150, 16.124, 15.6378213159512;
    6200, 16.122, 15.653503886553075;
    6250, 16.133, 15.66902622567113;
    6300, 16.138, 15.684389532897394;
    6350, 16.148, 15.699595888845436;
    6400, 16.147, 15.714646254283624;
    6450, 16.154, 15.729542491361833;
    6500, 16.175, 15.744286362665324;
    6550, 16.176, 15.758879525149916;
    6600, 16.187, 15.773323547131648;
    6650, 16.185, 15.787620896716946;
    6700, 16.193, 15.801773034796722;
    6750, 16.198, 15.815781378805558;
    6800, 16.197, 15.829647305785123;
    6850, 16.203, 15.843372145849057;
    6900, 16.208, 15.85695717446411;
    6950, 16.211, 15.870403618416073;
    7000, 16.214, 15.883712657688546;
    7050, 16.221, 15.896885433814834;
    7100, 16.225, 15.909922053926007;
    7150, 16.231, 15.92282359174101;
    7200, 16.23, 15.935590084679325;
    7250, 16.235, 15.948222544851134;
    7300, 16.239, 15.960722958110433;
    7350, 16.244, 15.973092274984693;
    7400, 16.245, 15.985331397693857;
    7450, 16.25, 15.997441191292357;
    7500, 16.254, 16.009422485822846;
    7550, 16.255, 16.021276070429417;
    7600, 16.26, 16.03300270122227;
    7650, 16.264, 16.044603094243694;
    7700, 16.266, 16.056078926330158;
    7750, 16.271, 16.067430833072987;
    7800, 16.275, 16.07865941264241;
    7850, 16.278, 16.089765229536086;
    7900, 16.281, 16.10074880758529;
    7950, 16.284, 16.11161063263953;
    8000, 16.287, 16.1223512673564;
    8050, 16.29, 16.132971149012195;
    8100, 16.293, 16.14347079355399;
      8150, 17.291, 16.20969223816806;
    8200, 17.314, 16.221957390206;
    8250, 17.451, 16.234147981588546;
    8300, 17.297, 16.24626491335909;
    8350, 17.098, 16.258309070325797;
    8400, 17.295, 16.270281321449342;
    8450, 16.964, 16.2821825202191;
    8500, 17.351, 16.29401350501827;
    8550, 17.57, 16.305775099478264;
    8600, 17.217, 16.31746811282278;
    8650, 17.507, 16.32909334020191;
    8700, 17.175, 16.3406515630166;
    8750, 17.356, 16.3521435492338;
    8800, 17.465, 16.36357005369271;
    8850, 17.067, 16.37493181840223;
    8900, 17.527, 16.38622957283016;
    8950, 17.421, 16.397464034184182;
    9000, 17.468, 16.408635907685113;
    9050, 17.728, 16.41974588683252;
    9100, 17.588, 16.430794653663053;
    9150, 17.652, 16.441782879001686;
    9200, 17.438, 16.452711222706114;
    9250, 17.728, 16.46358033390454;
    9300, 17.358, 16.47439085122703;
    9350, 17.796, 16.48514340303068;
    9400, 17.643, 16.49583860761878;
    9450, 17.484, 16.506477073454157;
    9500, 17.827, 16.517059399366882;
    9550, 17.879, 16.527586174756557;
    9600, 17.504, 16.538057979789272;
    9650, 17.854, 16.548475385589498;
    9700, 17.873, 16.558838954426975;
    9750, 17.518, 16.569149239898827;
    9800, 17.79, 16.579406787107008;
    9850, 17.4, 16.589612132831228;
    9900, 17.856, 16.599765805697523;
    9950, 17.733, 16.609868326342536;
    10000, 17.786, 16.619920207573735;
    10050, 17.765, 16.629921954525575;

];

% Extracting data columns
n = data(:, 1);
avgPathLength = data(:, 2);
