% Given data
data = [
    100, 7.533, 7.384960103786868;
    125, 7.913, 7.832440155680301;
    150, 8.202, 8.198057979789274;
    175, 8.512, 8.507183445446937;
    200, 8.731, 8.774960103786867;
    225, 9.059, 9.011155855791682;
    250, 9.294, 9.2224401556803;
    275, 9.643, 9.41357005369271;
    300, 9.545, 9.588057979789273;
    325, 9.685, 9.748571312002985;
    350, 9.882, 9.897183445446936;
    375, 9.945, 10.035538031682707;
    400, 10.102, 10.164960103786868;
    425, 10.341, 10.28653345312484;
    450, 10.56, 10.401155855791682;
    475, 10.53, 10.50957934747345;
    500, 10.527, 10.6124401556803;
    525, 10.824, 10.710281321449344;
    550, 10.942, 10.80357005369271;
    575, 10.808, 10.892711222706117;
    600, 10.967, 10.978057979789275;
    625, 11.216, 11.059920207573734;
    650, 11.313, 11.138571312002986;
    675, 11.323, 11.21425373179409;
    700, 11.331, 11.287183445446937;
    725, 11.256, 11.357553687014192;
    750, 11.376, 11.42553803168271;
    775, 11.624, 11.491292975224624;
    800, 11.564, 11.554960103786867;
    825, 11.592, 11.616667929695115;
    850, 11.978, 11.676533453124842;
    875, 11.727, 11.73466349734037;
    900, 11.747, 11.791155855791681;
    925, 11.982, 11.846100282011108;
    950, 11.884, 11.899579347473452;
    975, 11.92, 11.951669188005393;
    1000, 12.031, 12.0024401556803;
    1025, 12.17, 12.051957390206006;
    1050, 12.144, 12.100281321449344;
    1075, 12.281, 12.147468112822782;
    1100, 12.268, 12.19357005369271;
    1125, 12.315, 12.238635907685115;
    1150, 12.333, 12.282711222706114;
    1175, 12.332, 12.325838607618783;
    1200, 12.527, 12.368057979789272;
    1225, 12.476, 12.409406787107008;
    1250, 12.606, 12.449920207573735;
    1275, 12.682, 12.489631329127246;
    1300, 12.511, 12.528571312002985;
    1325, 12.596, 12.566769535629714;
    1350, 12.893, 12.604253731794088;
    1375, 12.703, 12.641050105586142;
    1400, 12.906, 12.677183445446936;
    1425, 12.929, 12.712677223475858;
    1450, 13.022, 12.747553687014193;
    1475, 12.895, 12.781833942399826;
    1500, 12.941, 12.815538031682708;
    1525, 12.947, 12.848685002999279;
    1550, 13.173, 12.881292975224625;
    1575, 12.723, 12.913379197451752;
    1600, 13.027, 12.944960103786867;
    1625, 13.105, 12.976051363896419;
    1650, 13.114, 13.006667929695118;
    1675, 13.083, 13.036824078523171;
    1700, 13.105, 13.066533453124837;
    1725, 13.242, 13.095809098708521;
    1750, 13.44, 13.12466349734037;
    1775, 13.221, 13.153108599898374;
    1800, 13.287, 13.181155855791683;
    1825, 13.478, 13.20881624063009;
    1850, 13.346, 13.236100282011108;
    1875, 13.314, 13.263018083576142;
    1900, 13.399, 13.289579347473452;
    1925, 13.489, 13.31579339535278;
    1950, 13.531, 13.341669188005394;
    1975, 13.602, 13.36721534375304;
    2000, 13.682, 13.3924401556803;
    2025, 13.747, 13.417351607796494;
    2050, 13.479, 13.441957390206001;
    2075, 13.911, 13.466264913359092;
    2100, 13.761, 13.490281321449345;
    2125, 13.79, 13.514013505018271;
    2150, 13.753, 13.537468112822785;
    2175, 13.825, 13.5606515630166;
    2200, 13.769, 13.583570053692709;
    2225, 13.894, 13.60622957283016;
    2250, 13.892, 13.628635907685114;
    2275, 13.873, 13.650794653663054;
    2300, 13.793, 13.672711222706116;
    2325, 14.005, 13.69439085122703;
    2350, 13.927, 13.715838607618785;
    2375, 13.952, 13.737059399366885;
    2400, 14.058, 13.758057979789275;
    2425, 14.231, 13.778838954426975;
    2450, 13.98, 13.799406787107005;
    2475, 14.124, 13.819765805697523;
    2500, 14.122, 13.839920207573734;
    2525, 14.114, 13.85987406481186;
    2550, 14.241, 13.879631329127246;
    2575, 14.15, 13.899195836571542;
    2600, 14.179, 13.918571312002985;
    2625, 14.359, 13.937761373342777;
    2650, 14.168, 13.956769535629713;
    2675, 14.194, 13.975599214884463;
    2700, 14.402, 13.994253731794087;
    2725, 14.278, 14.012736315226796;
    2750, 14.274, 14.031050105586143;
    2775, 14.237, 14.049198158013516;
    2800, 14.409, 14.067183445446936;
    2825, 14.39, 14.085008861543978;
    2850, 14.313, 14.102677223475856;
    2875, 14.322, 14.12019127459955;
    2900, 14.577, 14.137553687014192;
    2925, 14.566, 14.154767064007801;
    2950, 14.431, 14.171833942399823;
    2975, 14.484, 14.188756794784906;
    3000, 14.63, 14.205538031682705;
    3025, 14.704, 14.222180003598554;
    3050, 14.549, 14.238685002999278;
    3075, 14.649, 14.25505526620841;
    3100, 14.588, 14.271292975224624;
    3125, 14.483, 14.287400259467168;
    3150, 14.669, 14.303379197451749;
    3175, 14.914, 14.319231818400178;
    3200, 14.555, 14.334960103786868;
    3225, 14.535, 14.350565988825187;
    3250, 14.83, 14.366051363896416;
    3275, 14.729, 14.381418075923923;
       3300, 14.869, 14.396667929695118;
    3325, 14.941, 14.411802689133522;
    3350, 14.707, 14.42682407852317;
    3375, 14.758, 14.44173378368752;
    3400, 14.889, 14.45653345312484;
    3425, 14.528, 14.471224699101997;
    3450, 14.895, 14.485809098708524;
    3475, 14.974, 14.500288194872544;
    3500, 14.958, 14.51466349734037;
    3525, 14.736, 14.528936483621193;
    3550, 14.787, 14.543108599898373;
    3575, 15.138, 14.557181261908829;
    3600, 14.987, 14.571155855791682;
    3625, 15.095, 14.585033738907628;
    3650, 14.813, 14.598816240630091;
    3675, 14.705, 14.612504663109414;
    3700, 14.835, 14.626100282011107;
    3725, 15.078, 14.639604347229271;
    3750, 14.872, 14.653018083576141;
    3775, 15.041, 14.666342691448728;
    3800, 15.254, 14.679579347473451;
    3825, 15.108, 14.692729205129654;
    3850, 14.97, 14.70579339535278;
    3875, 15.065, 14.71877302711806;
    3900, 14.926, 14.731669188005393;
    3925, 15.201, 14.74448294474623;
    3950, 15.417, 14.75721534375304;
    3975, 15.574, 14.769867411632122;
    4000, 15.127, 14.7824401556803;
    4025, 15.439, 14.794934564366185;
    4050, 15.196, 14.807351607796496;
    4075, 15.14, 14.819692238168065;
    4100, 15.285, 14.831957390206002;
    4125, 15.504, 14.844147981588554;
    4150, 15.076, 14.856264913359093;
    4175, 15.064, 14.868309070325799;
    4200, 15.44, 14.880281321449344;
    4225, 15.467, 14.8921825202191;
    4250, 15.445, 14.904013505018272;
    4275, 15.314, 14.915775099478266;
    4300, 15.752, 14.927468112822782;
    4325, 15.281, 14.939093340201913;
    4350, 15.607, 14.950651563016597;
    4375, 15.293, 14.962143549233806;
    4400, 15.263, 14.973570053692713;
    4425, 15.463, 14.984931818402233;
    4450, 15.674, 14.996229572830162;
    4475, 15.564, 15.007464034184183;
    4500, 15.489, 15.018635907685114;
    4525, 15.585, 15.02974588683252;
    4550, 15.467, 15.040794653663054;
    4575, 15.485, 15.051782879001687;
    4600, 15.431, 15.062711222706119;
    4625, 15.702, 15.073580333904543;
    4650, 15.559, 15.08439085122703;
    4675, 15.56, 15.095143403030681;
    4700, 15.816, 15.10583860761878;
    4725, 15.656, 15.116477073454158;
    4750, 15.377, 15.127059399366884;
    4775, 15.717, 15.137586174756558;
    4800, 15.841, 15.148057979789277;
    4825, 15.829, 15.1584753855895;
    4850, 15.842, 15.168838954426976;
    4875, 15.946, 15.179149239898825;
    4900, 15.482, 15.189406787107005;
    4925, 15.702, 15.199612132831229;
    4950, 15.831, 15.209765805697524;
    4975, 15.572, 15.21986832634254;
    5000, 15.687, 15.229920207573736;
    5025, 15.937, 15.23992195452558;
    5050, 15.867, 15.249874064811861;
    5075, 16.1, 15.25977702867426;
];
% Extracting columns
n_values = data(:, 1);
avg_path_lengths = data(:, 2);
